       Quick Sort                                     BubbleSort                                 BST
n      av               av/n      av/n*n  av/nlog(n)  av          av/n       av/n*n  av/nlog(n)  av          av/n     av/n*n  av/nlog(n)  

1000   10849.93331000   10.8499   0.0108   1.0887   498484.3333   498.4843   0.4985   50.0196   11005.9333   11.0059   0.0110   1.1044
1100   12093.96671100   10.9945   0.0100   1.0882   603539.8667   548.6726   0.4988   54.3063   12166.3667   11.0603   0.0101   1.0947
1200   13806.80001200   11.5057   0.0096   1.1248   718075.0667   598.3959   0.4987   58.5010   13609.4000   11.3412   0.0095   1.1087
1300   14789.43331300   11.3765   0.0088   1.0998   843156.8000   648.5822   0.4989   62.6995   14871.5000   11.4396   0.0088   1.1059
1400   16341.26671400   11.6723   0.0083   1.1168   978256.8333   698.7549   0.4991   66.8587   16492.8667   11.7806   0.0084   1.1272
1500   17581.83331500   11.7212   0.0078   1.1109   1122848.4000   748.5656   0.4990   70.9491   17868.8667   11.9126   0.0079   1.1291
1600   19008.63331600   11.8804   0.0074   1.1162   1277850.1667   798.6564   0.4992   75.0345   18906.6000   11.8166   0.0074   1.1102
1700   20356.33331700   11.9743   0.0070   1.1158   1442801.5667   848.7068   0.4992   79.0869   20352.3667   11.9720   0.0070   1.1156
1800   22250.73331800   12.3615   0.0069   1.1431   1617760.3333   898.7557   0.4993   83.1121   21701.1667   12.0562   0.0067   1.1149
1900   23008.50001900   12.1097   0.0064   1.1118   1802264.0667   948.5600   0.4992   87.0895   23220.4667   12.2213   0.0064   1.1221
2000   24652.80002000   12.3264   0.0062   1.1241   1997555.6333   998.7778   0.4994   91.0813   24547.6667   12.2738   0.0061   1.1193
2100   26049.83332100   12.4047   0.0059   1.1240   2202464.8333   1048.7928   0.4994   95.0323   26395.4667   12.5693   0.0060   1.1389
2200   27198.03332200   12.3627   0.0056   1.1134   2417427.7667   1098.8308   0.4995   98.9645   27343.0667   12.4287   0.0056   1.1194
2300   29392.20002300   12.7792   0.0056   1.1443   2641491.1000   1148.4744   0.4993   102.8415   29023.3333   12.6188   0.0055   1.1300
2400   30260.83332400   12.6087   0.0053   1.1229   2877213.1000   1198.8388   0.4995   106.7645   29918.7333   12.4661   0.0052   1.1102
2500   31740.93332500   12.6964   0.0051   1.1248    3120839.2333   1248.3357   0.4993   110.5924   32109.0000   12.8436   0.0051   1.1378
2600   33228.20002600   12.7801   0.0049   1.1266   3376203.7333   1298.5399   0.4994   114.4663   33194.8000   12.7672   0.0049   1.1254
2700   34668.80002700   12.8403   0.0048   1.1265   3641259.4333   1348.6146   0.4995   118.3126   35080.8000   12.9929   0.0048   1.1399
2800   36413.20002800   13.0047   0.0046   1.1357   3916454.5333   1398.7338   0.4995   122.1472   36793.0667   13.1404   0.0047   1.1475
2900   38050.26672900   13.1208   0.0045   1.1408   4201397.3667   1448.7577   0.4996   125.9588   37614.4000   12.9705   0.0045   1.1277
3000   39619.13333000   13.2064   0.0044   1.1433   4495358.5000   1498.4528   0.4995   129.7278   39361.8667   13.1206   0.0044   1.1359
3100   41415.00003100   13.3597   0.0043   1.1519   4800525.5000   1548.5566   0.4995   133.5187   41674.8000   13.4435   0.0043   1.1591
3200   41966.16673200   13.1144   0.0041   1.1263   5115199.0333   1598.4997   0.4995   137.2827   42947.3000   13.4210   0.0042   1.1526
3300   43824.76673300   13.2802   0.0040   1.1362   5440325.1667   1648.5834   0.4996   141.0462   43624.2000   13.2195   0.0040   1.1310
3400   45714.20003400   13.4454   0.0040   1.1461   5775438.6333   1698.6584   0.4996   144.7969   45631.5000   13.4210   0.0039   1.1440
3500   46875.36673500   13.3930   0.0038   1.1376   6119236.5333   1748.3533   0.4995   148.5036   47052.1333   13.4435   0.0038   1.1419
3600   48129.86673600   13.3694   0.0037   1.1317   6474863.8000   1798.5733   0.4996   152.2437   49110.3000   13.6418   0.0038   1.1547
3700   50070.63333700   13.5326   0.0037   1.1417   6839699.2000   1848.5674   0.4996   155.9537   50475.2333   13.6420   0.0037   1.1509
3800   51734.93333800   13.6145   0.0036   1.1449   7215507.9667   1898.8179   0.4997   159.6748   51611.0000   13.5818   0.0036   1.1421
3900   53500.36673900   13.7180   0.0035   1.1499   7598409.0000   1948.3100   0.4996   163.3220   53129.6000   13.6230   0.0035   1.1420
4000   55298.06674000   13.8245   0.0035   1.1553   7994233.1333   1998.5583   0.4996   167.0228   55245.6667   13.8114   0.0035   1.1542
4100   56031.63334100   13.6663   0.0033   1.1387   8399024.6333   2048.5426   0.4996   170.6919   56304.6333   13.7328   0.0033   1.1443
4200   58203.76674200   13.8580   0.0033   1.1514   8812594.8667   2098.2369   0.4996   174.3276   58630.5667   13.9597   0.0033   1.1598
4300   58949.73334300   13.7092   0.0032   1.1358   9239477.2000   2148.7156   0.4997   178.0194   59066.5667   13.7364   0.0032   1.1381
4400   60796.46674400   13.8174   0.0031   1.1416   9673969.7333   2198.6295   0.4997   181.6556   61272.3000   13.9255   0.0032   1.1506
4500   62559.60004500   13.9021   0.0031   1.1456   10118556.0333   2248.5680   0.4997   185.2853   62463.2667   13.8807   0.0031   1.1438
4600   63965.10004600   13.9055   0.0030   1.1428   10573970.5667   2298.6893   0.4997   188.9217   63707.4333   13.8494   0.0030   1.1382
4700   66538.66674700   14.1572   0.0030   1.1606   11036271.6333   2348.1429   0.4996   192.4953   67285.1333   14.3160   0.0030   1.1736
4800   66914.03334800   13.9404   0.0029   1.1400   11511946.7000   2398.3222   0.4997   196.1205   68012.6333   14.1693   0.0030   1.1587
4900   70530.40004900   14.3940   0.0029   1.1742   11997884.2000   2448.5478   0.4997   199.7418   70313.5333   14.3497   0.0029   1.1706
5000   69943.90005000   13.9888   0.0028   1.1384   12492692.9667   2498.5386   0.4997   203.3364   71114.2667   14.2229   0.0028   1.1575
5100   73142.56675100   14.3417   0.0028   1.1644   12995826.5000   2548.2013   0.4996   206.8970   73182.9333   14.3496   0.0028   1.1651
5200   74530.43335200   14.3328   0.0028   1.1611   13511687.3667   2598.4014   0.4997   210.4941   73737.5667   14.1803   0.0027   1.1487
5300   75099.36675300   14.1697   0.0027   1.1453   14035837.9667   2648.2713   0.4997   214.0575   75162.5667   14.1816   0.0027   1.1463
5400   77478.70005400   14.3479   0.0027   1.1572   14572480.6000   2698.6075   0.4997   217.6517   77302.2333   14.3152   0.0027   1.1546
5500   77792.33335500   14.1441   0.0026   1.1383   15117112.7000   2748.5659   0.4997   221.2087   78765.4667   14.3210   0.0026   1.1526
5600   80753.03335600   14.4202   0.0026   1.1581   15670440.4333   2798.2929   0.4997   224.7406   81068.6333   14.4765   0.0026   1.1627
5700   83098.86675700   14.5787   0.0026   1.1685   16239444.0333   2849.0253   0.4998   228.3468   83305.8667   14.6151   0.0026   1.1714
5800   84422.10005800   14.5555   0.0025   1.1643   16810164.1667   2898.3042   0.4997   231.8303   84835.7667   14.6269   0.0025   1.1700
5900   86018.83335900   14.5795   0.0025   1.1639   17396723.8667   2948.5973   0.4998   235.3888   85549.4333   14.4999   0.0025   1.1575
6000   87570.33336000   14.5951   0.0024   1.1629   17992564.6333   2998.7608   0.4998   238.9309   87942.0333   14.6570   0.0024   1.1678
6100   88315.70006100   14.4780   0.0024   1.1514   18596153.1000   3048.5497   0.4998   242.4372   88790.2333   14.5558   0.0024   1.1576
6200   91517.76676200   14.7609   0.0024   1.1717   19209498.8000   3098.3063   0.4997   245.9353   90509.0000   14.5982   0.0024   1.1588
6300   92270.53336300   14.6461   0.0023   1.1604   19835651.0333   3148.5160   0.4998   249.4638   92576.1000   14.6946   0.0023   1.1643
6400   94035.16676400   14.6930   0.0023   1.1621   20470901.2667   3198.5783   0.4998   252.9749   94852.8667   14.8208   0.0023   1.1722
6500   94700.10006500   14.5692   0.0022   1.1502   21115758.4333   3248.5782   0.4998   256.4757   95037.6333   14.6212   0.0022   1.1543
6600   96599.00006600   14.6362   0.0022   1.1535   21770519.1667   3298.5635   0.4998   259.9699   97031.6667   14.7018   0.0022   1.1587
6700   97990.20006700   14.6254   0.0022   1.1507   22435433.1000   3348.5721   0.4998   263.4608   99539.3667   14.8566   0.0022   1.1689
6800   100408.80006800   14.7660   0.0022   1.1598   23110468.6667   3398.5983   0.4998   266.9479   100264.4333   14.7448   0.0022   1.1581
6900   103003.13336900   14.9280   0.0022   1.1706   23795725.8333   3448.6559   0.4998   270.4323   102379.5333   14.8376   0.0022   1.1635
7000   102047.50007000   14.5782   0.0021   1.1413   24490071.0667   3498.5816   0.4998   273.9015   103501.2333   14.7859   0.0021   1.1576
7100   106475.06677100   14.9965   0.0021   1.1722   25192421.6000   3548.2284   0.4998   277.3439   106767.7667   15.0377   0.0021   1.1754
7200   106560.90007200   14.8001   0.0021   1.1550   25907067.2667   3598.2038   0.4998   280.8073   107272.5000   14.8990   0.0021   1.1627
7300   110706.80007300   15.1653   0.0021   1.1817   26635254.2667   3648.6650   0.4998   284.3039   109414.4000   14.9883   0.0021   1.1679
7400   110493.36677400   14.9315   0.0020   1.1617   27368560.2333   3698.4541   0.4998   287.7433   110054.9000   14.8723   0.0020   1.1571
7500   113217.50007500   15.0957   0.0020   1.1727   28114585.1667   3748.6114   0.4998   291.2069   112666.2667   15.0222   0.0020   1.1670
7600   114371.33337600   15.0489   0.0020   1.1673   28869799.8000   3798.6579   0.4998   294.6573   114389.0000   15.0512   0.0020   1.1675
7700   115990.06677700   15.0636   0.0020   1.1668   29634732.0667   3848.6665   0.4998   298.1003   115553.3667   15.0069   0.0019   1.1624
7800   118461.20007800   15.1873   0.0019   1.1746   30409043.3667   3898.5953   0.4998   301.5328   119417.4667   15.3099   0.0020   1.1841
7900   119838.20007900   15.1694   0.0019   1.1716   31193345.8333   3948.5248   0.4998   304.9610   119493.6333   15.1258   0.0019   1.1682
8000   121085.70008000   15.1357   0.0019   1.1674   31988360.2667   3998.5450   0.4998   308.3921   121076.2333   15.1345   0.0019   1.1673
8100   122883.13338100   15.1708   0.0019   1.1684   32791807.4000   4048.3713   0.4998   311.8040   124709.9667   15.3963   0.0019   1.1858
8200   123296.70008200   15.0362   0.0018   1.1565   33606409.8667   4098.3427   0.4998   315.2230   123157.3000   15.0192   0.0018   1.1552
8300   128207.90008300   15.4467   0.0019   1.1865   34432074.8667   4148.4428   0.4998   318.6478   127077.7333   15.3106   0.0018   1.1760
8400   127112.00008400   15.1324   0.0018   1.1608   35269306.4667   4198.7270   0.4998   322.0828   127875.7667   15.2233   0.0018   1.1678
8500   129054.10008500   15.1828   0.0018   1.1631   36113543.7000   4248.6522   0.4998   325.4862   129563.7333   15.2428   0.0018   1.1677
8600   131744.00008600   15.3191   0.0018   1.1721   36965449.0333   4298.3080   0.4998   328.8652   132597.9667   15.4184   0.0018   1.1797
8700   131847.60008700   15.1549   0.0017   1.1580   37830911.6000   4348.3806   0.4998   332.2723   132068.8000   15.1803   0.0017   1.1600
8800   134502.80008800   15.2844   0.0017   1.1665   38706550.9667   4398.4717   0.4998   335.6770   134091.4000   15.2377   0.0017   1.1629
8900   137661.56678900   15.4676   0.0017   1.1790   39591341.7667   4448.4654   0.4998   339.0705   137692.9333   15.4711   0.0017   1.1792
9000   139307.10009000   15.4786   0.0017   1.1784   40486462.0333   4498.4958   0.4998   342.4631   139292.6667   15.4770   0.0017   1.1782
9100   138740.56679100   15.2462   0.0017   1.1593   41391515.1333   4548.5181   0.4998   345.8515   139342.7000   15.3124   0.0017   1.1643
9200   141470.13339200   15.3772   0.0017   1.1678   42303957.0000   4598.2562   0.4998   349.2147   142319.5000   15.4695   0.0017   1.1748
9300   144357.60009300   15.5223   0.0017   1.1774   43234689.6667   4648.8914   0.4999   352.6425   143736.9667   15.4556   0.0017   1.1724
9400   145132.60009400   15.4396   0.0016   1.1698   44168013.1333   4698.7248   0.4999   356.0059   145127.0333   15.4390   0.0016   1.1698
9500   146746.23339500   15.4470   0.0016   1.1690   45112830.6667   4748.7190   0.4999   359.3781   147069.2000   15.4810   0.0016   1.1716
9600   149890.23339600   15.6136   0.0016   1.1803   46066964.2000   4798.6421   0.4999   362.7415   150722.3667   15.7002   0.0016   1.1868
9700   148687.66679700   15.3286   0.0016   1.1574   47027399.0667   4848.1855   0.4998   366.0729   147853.5333   15.2426   0.0016   1.1509
9800   152845.03339800   15.5964   0.0016   1.1763   48003121.7667   4898.2777   0.4998   369.4425   152141.1667   15.5246   0.0016   1.1709
9900   153456.26679900   15.5006   0.0016   1.1678   48990484.1000   4948.5337   0.4999   372.8211   153452.4000   15.5002   0.0016   1.1678
10000   156098.300010000   15.6098   0.0016   1.1748   49985271.2667   4998.5271   0.4999   376.1766   154513.1667   15.4513   0.0015   1.1628